{"alphabet": "arndcqeghilkmfpstwyv", "hmm": {"tmin": 1e-06, "tmax": 2, "poly": [[[1.0000001755746708, -0.020008640291845996, 0.0002867516423666546, -0.00028495310091009686, 0.0005324022389509321, -0.0005523659388563352, 0.0003214145482158156, -9.838536035791133e-05, 1.233701118235085e-05], [9.99161058518058e-09, 0.01000000021834311, -8.017465758297089e-05, 8.299659063260379e-07, -5.020008950833672e-07, 5.718396191297589e-07, -3.6517041825319727e-07, 1.2250040279140315e-07, -1.6834582519255675e-08], [-1.7930160210948995e-07, 0.01000840287055897, -0.00020439475297160675, 0.0002757259725052039, -0.0005154161738909209, 0.0005338938049307462, -0.0003101786081502694, 9.48093342690543e-05, -1.1873680633558469e-05]], [[0.34899031347018006, -0.3504038559145397, 3.1388932329757484, -12.081376942892435, 23.720496595589537, -25.761417757306013, 15.646067497445648, -4.970883434355237, 0.6426997771485526], [0.6510097535185151, 0.3456889394897889, -3.138786036057996, 12.08127646193164, -23.72030258063083, 25.761205581756677, -15.645935922122836, 4.970840331649253, -0.642693997596721], [-6.032705265506955e-08, 0.004715363979564956, -0.00011043744768948692, 0.00010841151182162152, -0.00019844209089667206, 0.00020375354542063185, -0.0001183167635337326, 3.637670553462888e-05, -4.602239359573946e-06]], [[0.16227278873166226, 6.698231318600168, -61.61997374188202, 236.9700550141481, -465.0182206676256, 504.8513624439198, -306.54325620261403, 97.37363374792793, -12.58798476739644], [-8.177755795969694e-09, 0.003012041779483269, -3.738740398779958e-05, -8.403234177119616e-07, 2.561015426806924e-06, -3.1308006009150275e-06, 2.059151072886945e-06, -6.929202189471327e-07, 9.356823226479023e-08], [0.8377272301117002, -6.701243733081477, 61.62001642535118, -236.9700792222583, 465.01827490200407, -504.8514288695878, 306.54330103061795, -97.37364935657573, 12.587986950521422]]]}, "mixture": [{"root": [0.07906592637300491, 0.05594094842672348, 0.04197695851325989, 0.05305194854736328, 0.012936987914144993, 0.04076696187257767, 0.07158593088388443, 0.057336945086717606, 0.022354979068040848, 0.06215694174170494, 0.09908090531826019, 0.06459993869066238, 0.022950977087020874, 0.0423019602894783, 0.04403995722532272, 0.0611969418823719, 0.053286947309970856, 0.012065988965332508, 0.03415496647357941, 0.06914693117141724], "evecs_l": [[-0.1603238433599472, -0.0031932175625115633, -0.00880932155996561, -0.0010750740766525269, -0.010884186252951622, -0.006525356788188219, 0.0011327237589284778, 0.003868857864290476, 0.00021877179096918553, -0.6981616616249084, 0.1107715517282486, 0.004648780915886164, 0.052093300968408585, -0.0006114564603194594, -0.002442343393340707, 0.11235889047384262, -0.07650181651115417, -0.0009460685541853309, -0.0007571970927529037, 0.6851386427879333], [0.3535935580730438, 0.25017550587654114, 0.18772666156291962, 0.2372555285692215, 0.05785596743226051, 0.182315394282341, 0.3201420307159424, 0.2564186155796051, 0.09997449070215225, 0.2779742479324341, 0.44310325384140015, 0.2888997197151184, 0.10263988375663757, 0.18918010592460632, 0.196952685713768, 0.27368104457855225, 0.23830647766590118, 0.053960733115673065, 0.15274563431739807, 0.30923447012901306], [-0.30602461099624634, -0.028827140107750893, -0.17167425155639648, 0.0068495492450892925, -0.011888423934578896, -0.014101513661444187, 0.009707819670438766, -0.021724415943026543, 0.01427832804620266, 0.19879132509231567, -0.1105574443936348, 0.04347220063209534, 0.08744289726018906, -0.006500172894448042, -0.01418959442526102, 0.8158383965492249, -0.42479780316352844, -0.00029942431137897074, -0.002918710233643651, -0.06287697702646255], [0.10048405826091766, 0.03363484516739845, 0.09491187334060669, -0.03213835135102272, 0.0026760350447148085, -0.13072094321250916, 0.059576332569122314, 0.001247175969183445, 0.009939986281096935, -0.036031365394592285, -0.5959349274635315, -0.04209231212735176, 0.8777119517326355, 0.01071850024163723, 0.012734059244394302, -0.24278664588928223, -0.002352768322452903, -0.0017011776799336076, -0.010916855186223984, -0.10895945876836777], [0.09185881912708282, 0.1918542981147766, 0.15584953129291534, 0.29261642694473267, -0.018020441755652428, 0.12814871966838837, 0.3548039197921753, 0.26691848039627075, 0.025031527504324913, -0.36105504631996155, -0.6369947791099548, 0.249134823679924, -0.10901277512311935, -0.3329019248485565, 0.1657545566558838, 0.1397976130247116, 0.04476669803261757, -0.11854556947946548, -0.2172822505235672, -0.3127228319644928], [-0.19041034579277039, 0.18994826078414917, 0.09919316321611404, 0.16986212134361267, -0.019891835749149323, 0.08513569086790085, 0.19257748126983643, 0.041048500686883926, 0.12563739717006683, -0.43441101908683777, -0.5299132466316223, 0.1744755059480667, -0.10100304335355759, 0.26856961846351624, -0.47525593638420105, -0.04569876939058304, -0.1091560497879982, 0.5524385571479797, 0.45831018686294556, -0.45145636796951294], [0.007425334304571152, -0.11879417300224304, -0.07592613995075226, -0.1326012909412384, -0.00751411123201251, -0.0655745267868042, -0.17035311460494995, -0.11317863315343857, -0.010064548812806606, -0.1316334456205368, -0.16880154609680176, -0.14528322219848633, -0.03940608352422714, 0.048646893352270126, 0.9972760677337646, 0.006052431184798479, -0.0329078808426857, 0.18798469007015228, 0.08499296754598618, -0.12033962458372116], [0.22535160183906555, -0.2981916666030884, -0.011616703122854233, -0.08295633643865585, 0.03850340098142624, -0.1418917328119278, -0.23054341971874237, 0.8700901865959167, -0.06443772464990616, 0.002255456056445837, -0.05438917502760887, -0.3171994984149933, -0.010367480106651783, -0.041727159172296524, -0.07844723016023636, 0.1124693751335144, 0.030905265361070633, 0.08318150043487549, -0.06747326254844666, 0.03648456558585167], [0.06813690066337585, 0.14811846613883972, -0.053050462156534195, -0.036202073097229004, -0.010018876753747463, 0.03982516750693321, 0.06766386330127716, -0.24261999130249023, -0.14246195554733276, 0.2768136262893677, 0.26232942938804626, 0.16188223659992218, 0.06179453805088997, -0.5671800971031189, -0.08469521254301071, -0.0017892577452585101, 0.08630432188510895, 0.4023764133453369, -0.734246551990509, 0.2970195710659027], [0.013951404020190239, 0.533704400062561, -0.07853518426418304, -0.527406632900238, 0.012792396359145641, 0.04189936816692352, -0.486821711063385, 0.18733076751232147, 0.03915362060070038, -0.04627664014697075, -0.05297311022877693, 0.42030733823776245, -0.002150363987311721, -0.016788534820079803, 0.0009489911608397961, 0.004627490881830454, 0.009420670568943024, -0.024672703817486763, 0.015788484364748, -0.044300004839897156], [-0.5761122703552246, 0.15820227563381195, -0.11743570119142532, 0.15004876255989075, -0.32260027527809143, 0.05709684267640114, 0.27569451928138733, 0.4717264175415039, -0.04203547164797783, 0.06994810700416565, 0.5749850869178772, 0.155169278383255, 0.06224427744746208, 0.11045154184103012, 0.14644913375377655, -0.48400869965553284, -0.4657270014286041, -0.004171761218458414, -0.09265372902154922, -0.12727133929729462], [0.06528440117835999, 0.2005217969417572, 0.5011798143386841, -0.4301469027996063, -0.007692620623856783, -0.4744642376899719, 0.4934423863887787, -0.03771831467747688, -0.003127574920654297, 0.026252109557390213, 0.08690986037254333, -0.1818116158246994, -0.07476555556058884, -0.006841616705060005, 0.006133785471320152, 0.06151686608791351, -0.22828777134418488, 4.65262564830482e-05, -0.005772201810032129, 0.009340902790427208], [-0.07335124909877777, -0.1879938542842865, -0.4035242199897766, 0.08680933713912964, 0.002870237687602639, -0.6564868092536926, 0.17652282118797302, 0.03582257404923439, 0.34054020047187805, -0.04644182696938515, 0.08487847447395325, 0.46785399317741394, -0.015150481835007668, 0.0190815981477499, -0.0002324985689483583, -0.009221021085977554, 0.30564314126968384, 0.0021209856495261192, -0.07776699960231781, -0.05197440832853317], [-0.5725330114364624, 0.37110286951065063, -0.1357097178697586, -0.037023793905973434, 0.011463990435004234, -0.0018742120591923594, 0.1773393750190735, 0.07408825308084488, -0.021042712032794952, 0.03215556591749191, -0.03501513972878456, -0.48937535285949707, 0.015044396743178368, 0.00390758877620101, 0.012768510729074478, 0.11819032579660416, 0.503290057182312, -0.0029623438604176044, 0.0023960324469953775, -0.02621070295572281], [-0.5963030457496643, -0.4858846962451935, 0.28406643867492676, -0.261974036693573, 0.040071774274110794, 0.10862259566783905, 0.09262683987617493, 0.07386641204357147, -0.15570199489593506, 0.07722633332014084, -0.04948868602514267, 0.48062238097190857, 0.020753392949700356, -0.0341646783053875, 0.025881391018629074, 0.02788574993610382, 0.2805003821849823, 0.0033763633109629154, 0.06208733096718788, 0.005929638631641865], [-0.15895061194896698, -0.10055944323539734, 0.11601120233535767, -0.16155245900154114, 0.010665245354175568, 0.2371888905763626, 0.035309918224811554, 0.031690169125795364, 0.34861573576927185, 0.19586093723773956, -0.5739357471466064, -0.10179105401039124, -0.08369838446378708, 0.5370471477508545, 0.011179182678461075, -0.11142322421073914, -0.07796594500541687, 0.004585127346217632, -0.4473468065261841, 0.2890700697898865], [0.2812402844429016, -0.1581628918647766, 0.31648191809654236, -0.051699042320251465, -0.7028036713600159, -0.014359001070261002, -0.43337154388427734, -0.14973518252372742, 0.20130181312561035, 0.16733120381832123, -0.30700013041496277, -0.10898833721876144, -0.013053467497229576, -0.21785728633403778, -0.07535397261381149, 0.3601797819137573, 0.48338961601257324, 0.010979034006595612, 0.1754869818687439, 0.23599393665790558], [-0.17052249610424042, 0.24889211356639862, 0.11351704597473145, 0.4524732232093811, 0.0020171040669083595, -0.37343505024909973, -0.33200588822364807, 0.00956192146986723, -0.30085447430610657, 0.28060901165008545, -0.5287274718284607, 0.1887090802192688, -0.08901973068714142, 0.1992938220500946, 0.0332757905125618, -0.08461196720600128, -0.027840793132781982, -0.0010654343059286475, 0.0060617211274802685, 0.3736724555492401], [0.4243422746658325, -0.051420651376247406, -0.4744129180908203, -0.3553928732872009, -0.11405877023935318, 0.07971303910017014, 0.620682418346405, 5.98193691985216e-05, -0.3073475658893585, 0.051729097962379456, -0.4221220016479492, 0.11487802863121033, -0.04953861981630325, 0.20025022327899933, -0.03671237453818321, 0.00132612360175699, 0.07352875918149948, -0.005538024008274078, 0.05599125474691391, 0.19404272735118866], [-0.17090019583702087, 0.002603524597361684, -0.1135786920785904, -0.056442949920892715, 0.06932466477155685, 0.0762743353843689, 0.1667494922876358, 0.10809893161058426, 0.21275480091571808, 0.3817911446094513, -0.40080127120018005, -0.06458251923322678, -0.05217890068888664, -0.5044944882392883, 0.036352165043354034, -0.29562634229660034, -0.2222454845905304, 0.00482820114120841, 0.3403584361076355, 0.48171520233154297]], "evals": [-2.1161587238311768, 1.850584574469849e-09, -1.799113154411316, -1.6534242630004883, -0.267180472612381, -0.405531644821167, -0.43276500701904297, -0.4876779019832611, -0.5461722016334534, -0.6082534193992615, -0.7539144158363342, -1.458729863166809, -1.4335179328918457, -1.3370743989944458, -1.2517433166503906, -1.1683943271636963, -0.9168236255645752, -1.0633771419525146, -0.9856551885604858, -1.0048426389694214], "evecs_r": [[-0.13059353828430176, 0.22360679507255554, -0.22264708578586578, 0.032420843839645386, 0.053669221699237823, -0.04666074365377426, 0.0033026975579559803, 0.14373989403247833, 0.019823040813207626, 0.010127142071723938, -0.23013101518154144, 0.03916238620877266, -0.03510930761694908, -0.4420720040798187, -0.3967704772949219, -0.0750475525856018, 0.06136821582913399, -0.09478598833084106, 0.21722055971622467, -0.09329263120889664], [-0.003676309948787093, 0.22360679507255554, -0.029642971232533455, 0.015338262543082237, 0.15842929482460022, 0.06578940153121948, -0.07468052953481674, -0.26882627606391907, 0.060905519872903824, 0.5475569367408752, 0.08931827545166016, 0.17001256346702576, -0.12717972695827484, 0.40499192476272583, -0.4569462537765503, -0.06710529327392578, -0.04877869784832001, 0.1955389529466629, -0.03720330446958542, 0.0020087247248739004], [-0.01351588312536478, 0.22360680997371674, -0.23525790870189667, 0.05768010765314102, 0.1715095490217209, 0.04578479006886482, -0.06360957026481628, -0.013956543989479542, -0.029070701450109482, -0.10737710446119308, -0.08835813403129578, 0.5662808418273926, -0.3638000190258026, -0.19737033545970917, 0.35601696372032166, 0.10316982865333557, 0.13007484376430511, 0.11885078251361847, -0.45742467045783997, -0.11678332090377808], [-0.0013051214627921581, 0.22360680997371674, 0.007426950614899397, -0.015453926287591457, 0.2547951340675354, 0.06203625723719597, -0.08789992332458496, -0.07885955274105072, -0.015696726739406586, -0.5705616474151611, 0.08932816982269287, -0.3845604956150055, 0.06192547082901001, -0.042605072259902954, -0.2597877085208893, -0.11367786675691605, -0.016812657937407494, 0.37483787536621094, -0.27113234996795654, -0.04592020437121391], [-0.05418459698557854, 0.22360680997371674, -0.05286170914769173, 0.005276857875287533, -0.06434665620326996, -0.02979147993028164, -0.020426154136657715, 0.15009698271751404, -0.01781407743692398, 0.056751467287540436, -0.7875695824623108, -0.028202665969729424, 0.00839630514383316, 0.054098375141620636, 0.16295477747917175, 0.03077523782849312, -0.937251627445221, 0.006852446123957634, -0.35683661699295044, 0.23128578066825867], [-0.010308828204870224, 0.22360680997371674, -0.01989792101085186, -0.08180002868175507, 0.14521105587482452, 0.04046259820461273, -0.05656774714589119, -0.17553138732910156, 0.022471215575933456, 0.058987151831388474, 0.044234499335289, -0.5520066618919373, -0.6094269156455994, -0.002806686097756028, 0.1401759535074234, 0.21719494462013245, -0.006076750811189413, -0.4025860130786896, 0.0791398212313652, 0.08075414597988129], [0.001019079121761024, 0.22360680997371674, 0.007800896652042866, 0.02123062126338482, 0.22895731031894684, 0.05212286114692688, -0.08368825167417526, -0.16241686046123505, 0.021742353215813637, -0.39030182361602783, 0.12163480371236801, 0.3269324004650116, 0.09332050383090973, 0.15123744308948517, 0.0680723711848259, 0.01841334067285061, -0.10444511473178864, -0.20383089780807495, 0.3509261906147003, 0.10053835809230804], [0.004345709923654795, 0.22360680997371674, -0.02179533801972866, 0.0005548927583731711, 0.21504920721054077, 0.013871168717741966, -0.06941796839237213, 0.7653071284294128, -0.09733505547046661, 0.18751366436481476, 0.25984418392181396, -0.031200887635350227, 0.023644287139177322, 0.07888540625572205, 0.06777572631835938, 0.020632587373256683, -0.045055173337459564, 0.007329292595386505, 4.224614895065315e-05, 0.0813731849193573], [0.0006302549736574292, 0.22360679507255554, 0.03674117848277092, 0.011343005113303661, 0.05172574892640114, 0.1088917925953865, -0.01583295501768589, -0.14536906778812408, -0.14658920466899872, 0.10052081197500229, -0.05938806012272835, -0.006635711994022131, 0.5764984488487244, -0.05746576562523842, -0.36642205715179443, 0.5821520686149597, 0.155356302857399, -0.5914720296859741, -0.5564543008804321, 0.4107707440853119], [-0.7234014272689819, 0.22360678017139435, 0.18397460877895355, -0.01478793378919363, -0.26833513379096985, -0.13541339337825775, -0.07447641342878342, 0.001829997287131846, 0.10244129598140717, -0.04272976890206337, 0.03554214909672737, 0.020031986758112907, -0.02827637828886509, 0.031582627445459366, 0.06536383181810379, 0.11763103306293488, 0.046445395797491074, 0.19841015338897705, 0.03368373215198517, 0.26511281728744507], [0.07200314104557037, 0.22360678017139435, -0.06418715417385101, -0.1534353345632553, -0.2969885468482971, -0.10362516343593597, -0.059914037585258484, -0.027683986350893974, 0.060902390629053116, -0.03068484179675579, 0.18328377604484558, 0.041603341698646545, 0.03241988644003868, -0.021574843674898148, -0.02627711184322834, -0.21624046564102173, -0.053456924855709076, -0.23452752828598022, -0.17243370413780212, -0.17459575831890106], [0.004634681157767773, 0.22360680997371674, 0.0387105718255043, -0.01662215031683445, 0.17815421521663666, 0.052330248057842255, -0.07909070700407028, -0.24763180315494537, 0.057642705738544464, 0.3734162151813507, 0.07586317509412766, -0.13348694145679474, 0.27408310770988464, -0.46247878670692444, 0.39141151309013367, -0.058822181075811386, -0.02910739928483963, 0.1283845156431198, 0.07197453081607819, -0.04314965009689331], [0.14618191123008728, 0.22360678017139435, 0.21916614472866058, 0.9755900502204895, -0.21941685676574707, -0.08526753634214401, -0.06038154289126396, -0.02278127893805504, 0.06193357706069946, -0.005377364344894886, 0.0856555849313736, -0.15450748801231384, -0.024982091039419174, 0.04001801088452339, 0.04757180064916611, -0.13613806664943695, -0.009812514297664165, -0.17046572268009186, -0.08736085891723633, -0.09812696278095245], [-0.0009309232700616121, 0.22360679507255554, -0.008839231915771961, 0.006463834084570408, -0.36353781819343567, 0.12301182746887207, 0.04044238477945328, -0.049746714532375336, -0.30841660499572754, -0.022777732461690903, 0.08246481418609619, -0.007670923601835966, 0.017070971429347992, 0.005639360751956701, -0.042489197105169296, 0.47393152117729187, -0.08885195106267929, 0.20705483853816986, 0.1915959119796753, -0.514742910861969], [-0.003571685403585434, 0.22360679507255554, -0.018534166738390923, 0.007376265246421099, 0.17386507987976074, -0.20908893644809723, 0.796362042427063, -0.08983316272497177, -0.04423736408352852, 0.0012367282761260867, 0.10502611100673676, 0.006605883594602346, -0.0001997937069972977, 0.017700081691145897, 0.03091735579073429, 0.009476038627326488, -0.029519880190491676, 0.03320728614926338, -0.03373955935239792, 0.03562687337398529], [0.1182471513748169, 0.22360679507255554, 0.7668747901916504, -0.10120723396539688, 0.10552705824375153, -0.014468557201325893, 0.003478101920336485, 0.09268524497747421, -0.0006725454586558044, 0.004339839331805706, -0.24979332089424133, 0.047677528113126755, -0.005702347494661808, 0.11790549010038376, 0.02397255040705204, -0.06796880811452866, 0.10154183208942413, -0.06076504662632942, 0.0008770038257353008, -0.20850086212158203], [-0.09246211498975754, 0.22360680997371674, -0.45857617259025574, -0.0011263592168688774, 0.038808610290288925, -0.03968966007232666, -0.021718064323067665, 0.02924945391714573, 0.03725537285208702, 0.010146566666662693, -0.27603742480278015, -0.20319411158561707, 0.21706902980804443, 0.576606273651123, 0.2769327461719513, -0.05461950972676277, 0.15650631487369537, -0.022962147369980812, 0.05584830790758133, -0.18001410365104675], [-0.0050497883930802345, 0.22360679507255554, -0.001427495270036161, -0.003596694441512227, -0.4538540542125702, 0.8870978951454163, 0.5479004979133606, 0.34767213463783264, 0.7670909762382507, -0.11735787242650986, -0.010919773019850254, 0.0001828852400649339, 0.006652404088526964, -0.014988365583121777, 0.014721361920237541, 0.014185762032866478, 0.015698440372943878, -0.003880747826769948, -0.01857658103108406, 0.017270956188440323], [-0.0014278056332841516, 0.22360678017139435, -0.004915720317512751, -0.008153807371854782, -0.293876051902771, 0.2599896788597107, 0.08751273900270462, -0.09962856024503708, -0.4944989085197449, 0.026530474424362183, -0.08567745238542557, -0.008015601895749569, -0.08616788685321808, 0.004282737150788307, 0.09563366323709488, -0.48893842101097107, 0.08864340931177139, 0.007799962535500526, 0.06635001301765442, 0.43010765314102173], [0.6381437182426453, 0.22360678017139435, -0.052308086305856705, -0.04019838944077492, -0.2089201807975769, -0.12650080025196075, -0.061203718185424805, 0.026609839871525764, 0.09880737215280533, -0.036769621074199677, -0.058131974190473557, 0.006407161243259907, -0.028445960953831673, -0.023141296580433846, 0.004511455073952675, 0.15606079995632172, 0.05888209119439125, 0.23750349879264832, 0.11357918381690979, 0.3006850779056549]]}]}
